|   nof_acetyl  |     nof_OH    |    nof_COOH   |    nof_NH2    |     nof_SH    |    nof_SO3H   |    nof_PO4    | nof_Fragments |    nof_RotB   |negCharge/Volume|posCharge/Volume|     C_sp3     |      C_R1     |    a_heavy    | nof_negCharge | nof_posCharge |   nof_Rings   |    nof_HBD    |    nof_HBA    |  nof_Chirals  |   nof_Atoms   |    PSA/Area   |    molArea    |    molLogS    |    molLogP    |
====================================================================================================================================================================================================================================================================================================================================================================================================================
|      0.0      |      0.0      |      1.0      |      0.0      |      0.0      |      0.0      |      0.0      |      25.0     |      5.0      |      0.0      |      0.0      |      2.0      |      0.0      |      14.0     |      -1.0     |      0.0      |      1.0      |      2.0      |      5.0      |      0.0      |      25.0     |   0.24280963  |     218.89    |    -1.01931   |    0.715357   |
|      0.0      |      1.0      |      0.0      |      0.0      |      0.0      |      0.0      |      0.0      |      32.0     |      3.0      |   0.07344166  |      0.0      |      6.0      |      8.0      |      19.0     |      -1.0     |      1.0      |      2.0      |      2.0      |      9.0      |      3.0      |      32.0     |  0.402975799  |    270.314    |    -2.80704   |   -0.157986   |
|      0.0      |      0.0      |      1.0      |      1.0      |      0.0      |      0.0      |      0.0      |      57.0     |      11.0     |  0.034618127  |  0.006923625  |      9.0      |      5.0      |      34.0     |      -1.0     |      1.0      |      4.0      |      4.0      |      14.0     |      2.0      |      57.0     |  0.287380816  |    502.584    |    -3.42919   |   -0.201409   |
|      0.0      |      0.0      |      2.0      |      0.0      |      0.0      |      0.0      |      0.0      |      54.0     |      9.0      |  0.058111087  |      0.0      |      8.0      |      5.0      |      30.0     |      -2.0     |      0.0      |      3.0      |      3.0      |      10.0     |      3.0      |      54.0     |  0.189316966  |    454.487    |    -3.36321   |    1.44648    |
|      0.0      |      0.0      |      1.0      |      0.0      |      0.0      |      0.0      |      0.0      |      31.0     |      3.0      |      0.0      |      0.0      |      3.0      |      0.0      |      17.0     |      -1.0     |      0.0      |      2.0      |      1.0      |      4.0      |      1.0      |      31.0     |  0.140786266  |     255.13    |    -3.64663   |    3.15557    |
|      0.0      |      0.0      |      1.0      |      0.0      |      0.0      |      0.0      |      0.0      |      69.0     |      7.0      |      0.0      |      0.0      |      6.0      |      0.0      |      39.0     |      -1.0     |      0.0      |      6.0      |      1.0      |      5.0      |      0.0      |      69.0     |   0.09179404  |    553.293    |    -8.79024   |    7.50594    |
|      0.0      |      0.0      |      1.0      |      0.0      |      0.0      |      0.0      |      0.0      |      15.0     |      1.0      |      0.0      |      0.0      |      0.0      |      0.0      |      10.0     |      -1.0     |      0.0      |      1.0      |      1.0      |      5.0      |      0.0      |      15.0     |  0.318855651  |     141.74    |    -1.32798   |    1.25618    |
|      0.0      |      0.0      |      1.0      |      0.0      |      0.0      |      0.0      |      0.0      |      36.0     |      4.0      |  0.017473506  |      0.0      |      1.0      |      2.0      |      25.0     |      -1.0     |      0.0      |      3.0      |      4.0      |      13.0     |      0.0      |      36.0     |  0.388425854  |    294.674    |    -2.05038   |   -0.269092   |
|      0.0      |      0.0      |      0.0      |      1.0      |      0.0      |      0.0      |      0.0      |      28.0     |      2.0      |  0.009711095  |      0.0      |      2.0      |      1.0      |      20.0     |      0.0      |      0.0      |      2.0      |      4.0      |      10.0     |      1.0      |      28.0     |  0.366382148  |    281.059    |    -4.55218   |    0.772575   |
|      0.0      |      0.0      |      1.0      |      0.0      |      0.0      |      0.0      |      0.0      |      45.0     |      12.0     |  0.049262971  |  0.005473663  |      10.0     |      9.0      |      44.0     |      -1.0     |      0.0      |      5.0      |      4.0      |      19.0     |      3.0      |      45.0     |  0.299102005  |    610.805    |    -6.57789   |    -0.31936   |
|      0.0      |      1.0      |      0.0      |      1.0      |      0.0      |      0.0      |      0.0      |      16.0     |      4.0      |  0.021344421  |      0.0      |      3.0      |      2.0      |      16.0     |      0.0      |      1.0      |      2.0      |      4.0      |      6.0      |      0.0      |      16.0     |  0.413885969  |    226.394    |    -1.78613   |    -1.66662   |
|      0.0      |      0.0      |      1.0      |      0.0      |      0.0      |      0.0      |      0.0      |      36.0     |      4.0      |  0.118536782  |      0.0      |      7.0      |      5.0      |      18.0     |      -1.0     |      0.0      |      2.0      |      1.0      |      5.0      |      2.0      |      36.0     |   0.14639166  |    288.138    |    -2.25393   |    2.58608    |
|      0.0      |      0.0      |      0.0      |      1.0      |      0.0      |      0.0      |      0.0      |      17.0     |      1.0      |  0.009613443  |      0.0      |      1.0      |      1.0      |      17.0     |      0.0      |      0.0      |      2.0      |      4.0      |      10.0     |      0.0      |      17.0     |  0.434734093  |    239.275    |    -3.22592   |   -0.374064   |
|      0.0      |      1.0      |      0.0      |      1.0      |      0.0      |      0.0      |      0.0      |      15.0     |      2.0      |  0.097573079  |      0.0      |      4.0      |      7.0      |      15.0     |      0.0      |      0.0      |      2.0      |      3.0      |      6.0      |      2.0      |      15.0     |  0.317656357  |    225.845    |    -2.00012   |    -1.04958   |
|      0.0      |      0.0      |      0.0      |      1.0      |      0.0      |      0.0      |      0.0      |      19.0     |      5.0      |      0.0      |      0.0      |      4.0      |      0.0      |      19.0     |      -2.0     |      0.0      |      2.0      |      4.0      |      8.0      |      1.0      |      19.0     |  0.383863232  |    274.392    |     -1.764    |    -2.96911   |
|      1.0      |      0.0      |      1.0      |      0.0      |      0.0      |      0.0      |      0.0      |      21.0     |      3.0      |      0.0      |      0.0      |      1.0      |      0.0      |      13.0     |      -1.0     |      0.0      |      1.0      |      1.0      |      6.0      |      0.0      |      21.0     |  0.260012085  |    190.315    |    -1.65193   |     1.1816    |
|      0.0      |      0.0      |      0.0      |      1.0      |      0.0      |      0.0      |      0.0      |      30.0     |      5.0      |      0.0      |      0.0      |      3.0      |      0.0      |      18.0     |      -2.0     |      0.0      |      2.0      |      4.0      |      8.0      |      0.0      |      30.0     |  0.417869335  |     254.85    |    -1.01282   |    -3.38471   |
|      0.0      |      1.0      |      0.0      |      0.0      |      0.0      |      0.0      |      0.0      |      28.0     |      2.0      |  0.121434567  |      0.0      |      4.0      |      8.0      |      16.0     |      0.0      |      0.0      |      2.0      |      2.0      |      6.0      |      2.0      |      28.0     |  0.274504256  |    239.993    |    -1.79637   |   -0.734363   |
|      0.0      |      0.0      |      0.0      |      1.0      |      0.0      |      0.0      |      0.0      |      41.0     |      4.0      |  0.009716757  |      0.0      |      3.0      |      1.0      |      27.0     |      0.0      |      0.0      |      3.0      |      4.0      |      10.0     |      1.0      |      41.0     |  0.291076373  |    353.567    |    -4.66218   |    2.15131    |
|      0.0      |      0.0      |      0.0      |      1.0      |      0.0      |      0.0      |      0.0      |      23.0     |      1.0      |  0.009622231  |      0.0      |      0.0      |      1.0      |      17.0     |      -1.0     |      0.0      |      2.0      |      3.0      |      10.0     |      0.0      |      23.0     |  0.449260138  |    231.327    |    -2.30232   |   -0.290636   |
|      0.0      |      0.0      |      1.0      |      0.0      |      0.0      |      0.0      |      0.0      |      33.0     |      3.0      |      0.0      |      0.0      |      2.0      |      0.0      |      18.0     |      -1.0     |      0.0      |      2.0      |      2.0      |      3.0      |      0.0      |      33.0     |  0.133545426  |    270.794    |    -3.91814   |    3.59308    |
|      1.0      |      0.0      |      1.0      |      1.0      |      0.0      |      0.0      |      0.0      |      47.0     |      9.0      |   0.03583356  |  0.007166712  |      6.0      |      5.0      |      30.0     |      -1.0     |      0.0      |      3.0      |      4.0      |      14.0     |      2.0      |      47.0     |  0.328590537  |    424.644    |    -4.13379   |   -0.115239   |
|      0.0      |      0.0      |      0.0      |      1.0      |      0.0      |      0.0      |      0.0      |      40.0     |      2.0      |  0.048286319  |  0.028971791  |      6.0      |      5.0      |      24.0     |      0.0      |      0.0      |      4.0      |      4.0      |      10.0     |      4.0      |      40.0     |  0.309354517  |    334.726    |    -4.99217   |    1.35827    |
|      0.0      |      1.0      |      0.0      |      0.0      |      0.0      |      0.0      |      0.0      |      48.0     |      4.0      |  0.112212665  |  0.084159499  |      9.0      |      4.0      |      24.0     |      0.0      |      1.0      |      4.0      |      1.0      |      4.0      |      4.0      |      48.0     |  0.097765576  |    364.613    |    -3.29994   |     2.4134    |
|      0.0      |      1.0      |      0.0      |      1.0      |      0.0      |      0.0      |      0.0      |      28.0     |      2.0      |  0.113851614  |      0.0      |      5.0      |      8.0      |      15.0     |      0.0      |      0.0      |      2.0      |      3.0      |      5.0      |      2.0      |      28.0     |  0.312248761  |    225.035    |    -1.5625    |    -1.07108   |
|      0.0      |      1.0      |      0.0      |      0.0      |      0.0      |      0.0      |      0.0      |      68.0     |      7.0      |  0.229148379  |  0.035253597  |      19.0     |      13.0     |      30.0     |      0.0      |      0.0      |      3.0      |      1.0      |      7.0      |      7.0      |      68.0     |  0.112828601  |    502.814    |    -5.70397   |    4.22882    |
|      0.0      |      0.0      |      1.0      |      1.0      |      0.0      |      0.0      |      0.0      |      39.0     |      6.0      |  0.100042326  |  0.015391127  |      19.0     |      13.0     |      30.0     |      -1.0     |      0.0      |      3.0      |      5.0      |      11.0     |      2.0      |      39.0     |  0.368441796  |    352.688    |    -4.62301   |   0.0290967   |
|      0.0      |      0.0      |      1.0      |      0.0      |      0.0      |      0.0      |      0.0      |      42.0     |      4.0      |  0.062857239  |      0.0      |      8.0      |      3.0      |      21.0     |      -1.0     |      0.0      |      3.0      |      2.0      |      4.0      |      1.0      |      42.0     |  0.145834326  |     327.27    |    -3.61089   |    3.19902    |
|      0.0      |      0.0      |      1.0      |      1.0      |      0.0      |      0.0      |      0.0      |      32.0     |      5.0      |      0.0      |      0.0      |      1.0      |      0.0      |      21.0     |      -1.0     |      0.0      |      2.0      |      4.0      |      9.0      |      0.0      |      32.0     |  0.328758054  |    293.636    |    -3.58297   |    1.56879    |
|      0.0      |      0.0      |      1.0      |      0.0      |      0.0      |      0.0      |      0.0      |      41.0     |      5.0      |      0.0      |      0.0      |      3.0      |      0.0      |      25.0     |      -1.0     |      0.0      |      3.0      |      1.0      |      6.0      |      0.0      |      41.0     |  0.141466232  |    362.671    |    -5.88537   |    3.94696    |
|      1.0      |      0.0      |      0.0      |      1.0      |      0.0      |      0.0      |      0.0      |      22.0     |      2.0      |  0.022581621  |      0.0      |      2.0      |      2.0      |      14.0     |      0.0      |      0.0      |      1.0      |      2.0      |      10.0     |      0.0      |      22.0     |  0.411760385  |    215.095    |    -1.57015   |    -0.63179   |
|      0.0      |      0.0      |      1.0      |      0.0      |      0.0      |      0.0      |      0.0      |      41.0     |      5.0      |  0.057295591  |  0.014323898  |      7.0      |      4.0      |      23.0     |      -1.0     |      0.0      |      3.0      |      2.0      |      8.0      |      3.0      |      41.0     |  0.200964328  |    347.392    |    -2.61468   |    2.54711    |
|      0.0      |      0.0      |      1.0      |      1.0      |      0.0      |      0.0      |      0.0      |      41.0     |      5.0      |  0.055135484  |  0.011027097  |      5.0      |      5.0      |      24.0     |      -1.0     |      0.0      |      3.0      |      4.0      |      9.0      |      3.0      |      41.0     |  0.261041163  |     347.4     |    -3.36359   |   -0.968932   |
|      0.0      |      2.0      |      1.0      |      0.0      |      0.0      |      0.0      |      0.0      |      56.0     |      8.0      |      0.0      |      0.0      |      7.0      |      0.0      |      30.0     |      -1.0     |      0.0      |      3.0      |      3.0      |      5.0      |      2.0      |      56.0     |  0.142712103  |    445.986    |    -5.69053   |    4.59879    |
|      0.0      |      0.0      |      1.0      |      1.0      |      0.0      |      0.0      |      0.0      |      38.0     |      6.0      |  0.042413138  |  0.008482628  |      4.0      |      5.0      |      25.0     |      -1.0     |      0.0      |      3.0      |      4.0      |      11.0     |      2.0      |      38.0     |  0.338576684  |    348.187    |    -3.75558   |    0.114936   |
|      0.0      |      2.0      |      0.0      |      1.0      |      0.0      |      0.0      |      0.0      |      80.0     |      10.0     |  0.051814143  |      0.0      |      12.0     |      8.0      |      44.0     |      -2.0     |      0.0      |      4.0      |      6.0      |      14.0     |      4.0      |      80.0     |  0.243878091  |    633.095    |    -6.47166   |    2.49889    |
|      0.0      |      0.0      |      1.0      |      1.0      |      0.0      |      0.0      |      0.0      |      45.0     |      8.0      |      0.0      |      0.0      |      4.0      |      0.0      |      25.0     |      -1.0     |      0.0      |      2.0      |      4.0      |      9.0      |      0.0      |      45.0     |  0.254644677  |    376.291    |    -4.18936   |    2.93964    |
|      0.0      |      0.0      |      0.0      |      0.0      |      0.0      |      0.0      |      0.0      |      33.0     |      8.0      |      0.0      |      0.0      |      5.0      |      0.0      |      17.0     |      0.0      |      0.0      |      1.0      |      3.0      |      4.0      |      0.0      |      33.0     |  0.246665471  |    289.906    |    -2.50416   |    0.328501   |
|      0.0      |      0.0      |      0.0      |      0.0      |      0.0      |      0.0      |      0.0      |      43.0     |      5.0      |  0.087628851  |      0.0      |      5.0      |      3.0      |      23.0     |      -1.0     |      0.0      |      3.0      |      0.0      |      4.0      |      0.0      |      43.0     |   0.09936899  |    344.527    |    -3.69545   |    3.99071    |
|      0.0      |      0.0      |      1.0      |      0.0      |      0.0      |      0.0      |      0.0      |      43.0     |      6.0      |  0.026885009  |      0.0      |      7.0      |      2.0      |      23.0     |      -1.0     |      0.0      |      2.0      |      2.0      |      8.0      |      0.0      |      43.0     |  0.215329952  |    345.474    |    -3.43291   |    2.09457    |
|      0.0      |      0.0      |      2.0      |      1.0      |      0.0      |      0.0      |      0.0      |      50.0     |      12.0     |  0.029832046  |      0.0      |      11.0     |      3.0      |      24.0     |      -3.0     |      1.0      |      1.0      |      5.0      |      10.0     |      2.0      |      50.0     |    0.252615   |    398.088    |    -4.53057   |    0.184695   |
|      0.0      |      1.0      |      0.0      |      0.0      |      0.0      |      0.0      |      0.0      |      53.0     |      8.0      |      0.0      |      0.0      |      6.0      |      0.0      |      30.0     |      -1.0     |      0.0      |      4.0      |      2.0      |      5.0      |      0.0      |      53.0     |  0.175529489  |    448.687    |    -6.44764   |     4.8734    |
|      0.0      |      0.0      |      1.0      |      1.0      |      0.0      |      0.0      |      0.0      |      38.0     |      5.0      |  0.055135484  |  0.011027097  |      4.0      |      5.0      |      24.0     |      -1.0     |      0.0      |      3.0      |      4.0      |      9.0      |      3.0      |      0.0      |  0.265552653  |    341.498    |    -3.98501   |    -1.06422   |
|      0.0      |      0.0      |      2.0      |      2.0      |      0.0      |      0.0      |      0.0      |      55.0     |      10.0     |      0.0      |      0.0      |      5.0      |      0.0      |      33.0     |      -2.0     |      0.0      |      3.0      |      7.0      |      12.0     |      1.0      |      55.0     |  0.370770166  |    442.541    |    -4.67831   |   -0.189174   |